Annotation Cluster 1	Enrichment Score: 5.108302094974322
Category	Term	Count	%	PValue	Genes	List Total	Pop Hits	Pop Total	Fold Enrichment	Bonferroni	Benjamini	FDR
GOTERM_CC_DIRECT	GO:0016021~integral component of membrane	45	33.582089552238806	1.116488791473393E-6	550886, 724552, 551280, 412859, 410567, 551643, 726441, 410092, 409638, 411983, 726251, 724907, 410837, 724951, 725026, 100576734, 727254, 726210, 551241, 413789, 410282, 726798, 725146, 412166, 102654715, 724583, 410626, 724235, 411863, 100576508, 551765, 410788, 726860, 100642173, 768250, 725031, 409452, 551167, 412209, 552377, 725578, 408478, 406086, 724919, 100577192	55	1493	3005	1.6467758631187968	1.451425705811804E-5	1.451425705811804E-5	7.3918250916849E-4
UP_KEYWORDS	Transmembrane helix	44	32.83582089552239	1.1839021401384858E-5	550886, 724552, 551280, 412859, 410567, 551643, 726441, 410092, 409638, 411983, 726251, 724907, 410837, 724951, 725026, 100576734, 727254, 726210, 551241, 413789, 410282, 726798, 725146, 412166, 102654715, 724583, 410626, 724235, 411863, 551765, 410788, 726860, 100642173, 768250, 725031, 409452, 551167, 412209, 552377, 725578, 408478, 406086, 724919, 100577192	109	1504	6970	1.8707300409916066	8.757091125272121E-4	2.9198828637044816E-4	0.012390840481113496
UP_KEYWORDS	Transmembrane	44	32.83582089552239	1.2478712920117128E-5	550886, 724552, 551280, 412859, 410567, 551643, 726441, 410092, 409638, 411983, 726251, 724907, 410837, 724951, 725026, 100576734, 727254, 726210, 551241, 413789, 410282, 726798, 725146, 412166, 102654715, 724583, 410626, 724235, 411863, 551765, 410788, 726860, 100642173, 768250, 725031, 409452, 551167, 412209, 552377, 725578, 408478, 406086, 724919, 100577192	109	1507	6970	1.8670059599544633	9.230042869589061E-4	2.308309838556788E-4	0.013060308600743031
UP_KEYWORDS	Membrane	44	32.83582089552239	2.2358962796491667E-5	550886, 724552, 551280, 412859, 410567, 551643, 726441, 410092, 409638, 411983, 726251, 724907, 410837, 724951, 725026, 100576734, 727254, 726210, 551241, 413789, 410282, 726798, 725146, 412166, 102654715, 724583, 410626, 724235, 411863, 551765, 410788, 726860, 100642173, 768250, 725031, 409452, 551167, 412209, 552377, 725578, 408478, 406086, 724919, 100577192	109	1541	6970	1.8258130964642285	0.0016532136786274743	3.308616020984978E-4	0.023399953181590938

Annotation Cluster 2	Enrichment Score: 4.650039513385011
Category	Term	Count	%	PValue	Genes	List Total	Pop Hits	Pop Total	Fold Enrichment	Bonferroni	Benjamini	FDR
UP_KEYWORDS	Lipid biosynthesis	9	6.7164179104477615	4.449863075581916E-9	409638, 411983, 551233, 724907, 724552, 725031, 550686, 413789, 412166	109	27	6970	21.31498470948012	3.2928981097413157E-7	3.2928981097413157E-7	4.657532903795669E-6
UP_KEYWORDS	Lipid metabolism	9	6.7164179104477615	2.576566265006781E-8	409638, 411983, 551233, 724907, 724552, 725031, 550686, 413789, 412166	109	33	6970	17.4395329441201	1.9066572395365355E-6	9.533290742380629E-7	2.6968113031600183E-5
GOTERM_BP_DIRECT	GO:0006633~fatty acid biosynthetic process	6	4.477611940298507	5.525951314522385E-6	409638, 724552, 725031, 413789, 552286, 412166	43	16	2339	20.39825581395349	1.9891501076108042E-4	1.9891501076108042E-4	0.004928642913837322
UP_KEYWORDS	Fatty acid metabolism	5	3.731343283582089	3.50074122049314E-5	409638, 724552, 725031, 413789, 412166	109	13	6970	24.59421312632322	0.0025872411559615394	4.316724440333042E-4	0.036635096781278964
UP_KEYWORDS	Fatty acid biosynthesis	5	3.731343283582089	3.50074122049314E-5	409638, 724552, 725031, 413789, 412166	109	13	6970	24.59421312632322	0.0025872411559615394	4.316724440333042E-4	0.036635096781278964
INTERPRO	IPR002076:GNS1/SUR4 membrane protein	4	2.9850746268656714	1.7528445759074673E-4	409638, 724552, 725031, 413789	94	8	6176	32.85106382978723	0.047731884826226145	0.024157740629268565	0.23139160294788352
GOTERM_MF_DIRECT	GO:0102336~3-oxo-arachidoyl-CoA synthase activity	4	2.9850746268656714	3.4831535442418225E-4	409638, 724552, 725031, 413789	67	8	3455	25.78358208955224	0.0285011661401543	0.0285011661401543	0.37236906840469874
GOTERM_MF_DIRECT	GO:0102337~3-oxo-cerotoyl-CoA synthase activity	4	2.9850746268656714	3.4831535442418225E-4	409638, 724552, 725031, 413789	67	8	3455	25.78358208955224	0.0285011661401543	0.0285011661401543	0.37236906840469874
GOTERM_MF_DIRECT	GO:0102338~3-oxo-lignoceronyl-CoA synthase activity	4	2.9850746268656714	3.4831535442418225E-4	409638, 724552, 725031, 413789	67	8	3455	25.78358208955224	0.0285011661401543	0.0285011661401543	0.37236906840469874
UP_KEYWORDS	Transferase	11	8.208955223880597	0.005493239873882949	408989, 409638, 724907, 724552, 408291, 725031, 552377, 550686, 413789, 413190, 408299	109	252	6970	2.791247997670016	0.3347686184805174	0.04428081703101039	5.602399426008764

Annotation Cluster 3	Enrichment Score: 4.091290651618937
Category	Term	Count	%	PValue	Genes	List Total	Pop Hits	Pop Total	Fold Enrichment	Bonferroni	Benjamini	FDR
KEGG_PATHWAY	ame01212:Fatty acid metabolism	8	5.970149253731343	7.823693814378491E-7	412815, 725258, 408291, 551837, 552286, 725146, 100577192, 412166	36	33	2017	13.582491582491581	3.0511952311185198E-5	3.0511952311185198E-5	7.114801761187728E-4
KEGG_PATHWAY	ame01040:Biosynthesis of unsaturated fatty acids	4	2.9850746268656714	7.185932311656511E-4	725258, 725146, 100577192, 412166	36	11	2017	20.373737373737374	0.0276458705638869	0.013919815919560707	0.651587556223987
KEGG_PATHWAY	ame00062:Fatty acid elongation	4	2.9850746268656714	9.467451247809082E-4	725258, 408291, 725146, 100577192	36	12	2017	18.675925925925924	0.03626657169765635	0.01223801529233548	0.8576734585189372

Annotation Cluster 4	Enrichment Score: 1.8907124124817907
Category	Term	Count	%	PValue	Genes	List Total	Pop Hits	Pop Total	Fold Enrichment	Bonferroni	Benjamini	FDR
SMART	SM01100:SM01100	3	2.2388059701492535	0.005647007666671641	552447, 408361, 727007	37	9	2754	24.81081081081081	0.22933273815925226	0.22933273815925226	5.211842823360224
INTERPRO	IPR001071:Cellular retinaldehyde binding/alpha-tocopherol transport	3	2.2388059701492535	0.009331823222204844	552447, 408361, 727007	94	10	6176	19.71063829787234	0.9268909309022436	0.581858039301538	11.653145522202713
SMART	SM00516:SEC14	3	2.2388059701492535	0.015678853602006243	552447, 408361, 727007	37	15	2754	14.886486486486486	0.5166146303791247	0.30474078961809115	13.874750950362447
INTERPRO	IPR011074:CRAL/TRIO, N-terminal domain	3	2.2388059701492535	0.018147914590867252	552447, 408361, 727007	94	14	6176	14.0790273556231	0.9939625623328424	0.6401093763418546	21.496627505518894
INTERPRO	IPR001251:CRAL-TRIO domain	3	2.2388059701492535	0.023469942490225014	552447, 408361, 727007	94	16	6176	12.319148936170212	0.9986747839415816	0.6685781669770329	26.93745241160296

Annotation Cluster 5	Enrichment Score: 1.8149226968436403
Category	Term	Count	%	PValue	Genes	List Total	Pop Hits	Pop Total	Fold Enrichment	Bonferroni	Benjamini	FDR
KEGG_PATHWAY	ame00030:Pentose phosphate pathway	4	2.9850746268656714	0.002756830160571785	725325, 552712, 550785, 550804	36	17	2017	13.183006535947712	0.10207151451883845	0.02655719989458094	2.479257164529436
KEGG_PATHWAY	ame01130:Biosynthesis of antibiotics	7	5.223880597014925	0.028684859650998366	412069, 408291, 725325, 552712, 550785, 550686, 550804	36	138	2017	2.841988727858293	0.6785997758225883	0.14968855416140803	23.254313988159936
KEGG_PATHWAY	ame01200:Carbon metabolism	5	3.731343283582089	0.04541184728618469	411813, 725325, 552712, 550785, 550804	36	79	2017	3.54606188466948	0.8367603844572057	0.16577623759300852	34.46879190914406

