Annotation Cluster 1	Enrichment Score: 5.263047768003177
Category	Term	Count	%	PValue	Genes	List Total	Pop Hits	Pop Total	Fold Enrichment	Bonferroni	Benjamini	FDR
GOTERM_CC_DIRECT	GO:0016021~integral component of membrane	49	33.108108108108105	3.870865119936121E-7	550886, 551280, 410567, 412859, 551643, 726441, 410092, 409638, 411983, 724907, 726251, 724951, 100576734, 727254, 726210, 551241, 725146, 412166, 411614, 102654715, 724235, 411863, 724831, 410788, 726860, 768250, 725031, 409452, 412209, 551167, 725578, 408478, 100577192, 724552, 551165, 410837, 725026, 413789, 410282, 726798, 724583, 410626, 413168, 100576508, 551765, 100642173, 552377, 406086, 724919	60	1493	3005	1.6437262781870952	5.419197532274822E-6	5.419197532274822E-6	2.629439734502803E-4
UP_KEYWORDS	Transmembrane helix	48	32.432432432432435	1.0329929491820125E-5	550886, 724552, 551280, 551165, 412859, 410567, 551643, 726441, 410092, 409638, 411983, 726251, 724907, 410837, 724951, 725026, 100576734, 727254, 726210, 410282, 551241, 413789, 726798, 725146, 411614, 412166, 102654715, 724583, 410626, 724235, 413168, 411863, 724831, 551765, 410788, 726860, 100642173, 768250, 725031, 409452, 551167, 412209, 552377, 725578, 408478, 406086, 724919, 100577192	122	1504	6970	1.8233344959888385	7.950924255053504E-4	2.651010808745191E-4	0.010898147678328751
UP_KEYWORDS	Transmembrane	48	32.432432432432435	1.0924416344549019E-5	550886, 724552, 551280, 551165, 412859, 410567, 551643, 726441, 410092, 409638, 411983, 726251, 724907, 410837, 724951, 725026, 100576734, 727254, 726210, 410282, 551241, 413789, 726798, 725146, 411614, 412166, 102654715, 724583, 410626, 724235, 413168, 411863, 724831, 551765, 410788, 726860, 100642173, 768250, 725031, 409452, 551167, 412209, 552377, 725578, 408478, 406086, 724919, 100577192	122	1507	6970	1.8197047657380312	8.40830956634675E-4	2.1027405262763477E-4	0.01152530273694774
UP_KEYWORDS	Membrane	48	32.432432432432435	2.030043241517793E-5	550886, 724552, 551280, 551165, 412859, 410567, 551643, 726441, 410092, 409638, 411983, 726251, 724907, 410837, 724951, 725026, 100576734, 727254, 726210, 410282, 551241, 413789, 726798, 725146, 411614, 412166, 102654715, 724583, 410626, 724235, 413168, 411863, 724831, 551765, 410788, 726860, 100642173, 768250, 725031, 409452, 551167, 412209, 552377, 725578, 408478, 406086, 724919, 100577192	122	1541	6970	1.7795555366432272	0.0015619280810001968	3.125809688511172E-4	0.021416078145386486

Annotation Cluster 2	Enrichment Score: 4.434251661269329
Category	Term	Count	%	PValue	Genes	List Total	Pop Hits	Pop Total	Fold Enrichment	Bonferroni	Benjamini	FDR
UP_KEYWORDS	Lipid biosynthesis	9	6.081081081081082	1.1016343082923825E-8	409638, 411983, 551233, 724907, 724552, 725031, 550686, 413789, 412166	122	27	6970	19.043715846994534	8.482580605706502E-7	8.482580605706502E-7	1.1622891493701104E-5
UP_KEYWORDS	Lipid metabolism	9	6.081081081081082	6.314942813393107E-8	409638, 411983, 551233, 724907, 724552, 725031, 550686, 413789, 412166	122	33	6970	15.58122205663189	4.862494297652731E-6	2.4312501043510792E-6	6.66263536119871E-5
GOTERM_BP_DIRECT	GO:0006633~fatty acid biosynthetic process	6	4.054054054054054	9.768439219170627E-6	409638, 724552, 725031, 413789, 552286, 412166	48	16	2339	18.2734375	4.004277715501381E-4	4.004277715501381E-4	0.008989230003320081
UP_KEYWORDS	Fatty acid metabolism	5	3.3783783783783785	5.474765139245841E-5	409638, 724552, 725031, 413789, 412166	122	13	6970	21.973518284993695	0.004206811033247826	7.023673174653133E-4	0.0577469046588841
UP_KEYWORDS	Fatty acid biosynthesis	5	3.3783783783783785	5.474765139245841E-5	409638, 724552, 725031, 413789, 412166	122	13	6970	21.973518284993695	0.004206811033247826	7.023673174653133E-4	0.0577469046588841
INTERPRO	IPR002076:GNS1/SUR4 membrane protein	4	2.7027027027027026	2.3065225181789257E-4	409638, 724552, 725031, 413789	103	8	6176	29.980582524271842	0.06815401488870376	0.0346782996786531	0.30870987595952304
GOTERM_MF_DIRECT	GO:0102336~3-oxo-arachidoyl-CoA synthase activity	4	2.7027027027027026	4.326693539037519E-4	409638, 724552, 725031, 413789	72	8	3455	23.993055555555554	0.036950416045097634	0.036950416045097634	0.46662046172349925
GOTERM_MF_DIRECT	GO:0102337~3-oxo-cerotoyl-CoA synthase activity	4	2.7027027027027026	4.326693539037519E-4	409638, 724552, 725031, 413789	72	8	3455	23.993055555555554	0.036950416045097634	0.036950416045097634	0.46662046172349925
GOTERM_MF_DIRECT	GO:0102338~3-oxo-lignoceronyl-CoA synthase activity	4	2.7027027027027026	4.326693539037519E-4	409638, 724552, 725031, 413789	72	8	3455	23.993055555555554	0.036950416045097634	0.036950416045097634	0.46662046172349925
UP_KEYWORDS	Transferase	11	7.4324324324324325	0.011942472320203502	408989, 409638, 724907, 724552, 408291, 725031, 552377, 550686, 413789, 413190, 408299	122	252	6970	2.4938199323445227	0.6035103941583394	0.09768310409293257	11.905365051804662

Annotation Cluster 3	Enrichment Score: 4.03737966099107
Category	Term	Count	%	PValue	Genes	List Total	Pop Hits	Pop Total	Fold Enrichment	Bonferroni	Benjamini	FDR
KEGG_PATHWAY	ame01212:Fatty acid metabolism	8	5.405405405405405	9.601462591395306E-7	412815, 725258, 408291, 551837, 552286, 725146, 100577192, 412166	37	33	2017	13.215397215397216	3.84051313083722E-5	3.84051313083722E-5	8.784375522208343E-4
KEGG_PATHWAY	ame01040:Biosynthesis of unsaturated fatty acids	4	2.7027027027027026	7.815699349450884E-4	725258, 725146, 100577192, 412166	37	11	2017	19.823095823095827	0.030791016209672728	0.015515879361009066	0.7127880295082156
KEGG_PATHWAY	ame00062:Fatty acid elongation	4	2.7027027027027026	0.0010293327196998928	725258, 408291, 725146, 100577192	37	12	2017	18.17117117117117	0.04035755196218804	0.013637657554525395	0.9377998948878252

Annotation Cluster 4	Enrichment Score: 1.8014942117323653
Category	Term	Count	%	PValue	Genes	List Total	Pop Hits	Pop Total	Fold Enrichment	Bonferroni	Benjamini	FDR
SMART	SM01100:SM01100	3	2.027027027027027	0.007287839312201384	552447, 408361, 727007	42	9	2754	21.857142857142854	0.31638153595272245	0.31638153595272245	6.859898059162295
INTERPRO	IPR001071:Cellular retinaldehyde binding/alpha-tocopherol transport	3	2.027027027027027	0.011148998500214745	552447, 408361, 727007	103	10	6176	17.988349514563108	0.9676374702034204	0.5758586485718967	13.952730712958273
SMART	SM00516:SEC14	3	2.027027027027027	0.02008960186198878	552447, 408361, 727007	42	15	2754	13.114285714285712	0.651910407415154	0.4100088199092753	17.894956552847496
INTERPRO	IPR011074:CRAL/TRIO, N-terminal domain	3	2.027027027027027	0.02159889905030452	552447, 408361, 727007	103	14	6176	12.848821081830792	0.9987463352568896	0.7371933910566151	25.37317650400319
INTERPRO	IPR001251:CRAL-TRIO domain	3	2.027027027027027	0.0278799089622957	552447, 408361, 727007	103	16	6176	11.242718446601941	0.9998252990846269	0.7635627696024077	31.544940927191924

Annotation Cluster 5	Enrichment Score: 1.7719937524413796
Category	Term	Count	%	PValue	Genes	List Total	Pop Hits	Pop Total	Fold Enrichment	Bonferroni	Benjamini	FDR
KEGG_PATHWAY	ame00030:Pentose phosphate pathway	4	2.7027027027027026	0.0029917541768176553	725325, 552712, 550785, 550804	37	17	2017	12.82670906200318	0.11294610433486962	0.029517961674116577	2.7040366619066614
KEGG_PATHWAY	ame01130:Biosynthesis of antibiotics	7	4.72972972972973	0.032544898250548134	412069, 408291, 725325, 552712, 550785, 550686, 550804	37	138	2017	2.7651782216999607	0.7337848505528592	0.17226676138202246	26.11846855490735
KEGG_PATHWAY	ame01200:Carbon metabolism	5	3.3783783783783785	0.049614648461681	411813, 725325, 552712, 550785, 550804	37	79	2017	3.4502223742730074	0.8693861132571423	0.18417138257706422	37.22251200049023

