Annotation Cluster 1	Enrichment Score: 3.922025931084394
Category	Term	Count	%	PValue	Genes	List Total	Pop Hits	Pop Total	Fold Enrichment	Bonferroni	Benjamini	FDR
UP_KEYWORDS	Lipid biosynthesis	11	2.494331065759637	2.4026958032761993E-7	411983, 551233, 725817, 724907, 724552, 725031, 550686, 413789, 552417, 552139, 412166	337	27	6970	8.42620068139356	3.219560934408783E-5	1.6097934243730627E-5	2.813145716595855E-4
UP_KEYWORDS	Lipid metabolism	11	2.494331065759637	2.033221758999765E-6	411983, 551233, 725817, 724907, 724552, 725031, 550686, 413789, 552417, 552139, 412166	337	33	6970	6.894164193867458	2.7241488100426814E-4	9.081320712367447E-5	0.002380531970058719
UP_KEYWORDS	Fatty acid biosynthesis	5	1.1337868480725624	0.0026813319825930667	724552, 725031, 413789, 552417, 412166	337	13	6970	7.954804839077837	0.3021708993870006	0.03918718644873165	3.0947040246367075
UP_KEYWORDS	Fatty acid metabolism	5	1.1337868480725624	0.0026813319825930667	724552, 725031, 413789, 552417, 412166	337	13	6970	7.954804839077837	0.3021708993870006	0.03918718644873165	3.0947040246367075
GOTERM_BP_DIRECT	GO:0006633~fatty acid biosynthetic process	5	1.1337868480725624	0.006986917723992896	724552, 725031, 413789, 552286, 412166	119	16	2339	6.14233193277311	0.5074481245983113	0.5074481245983113	7.5006163449560015

Annotation Cluster 2	Enrichment Score: 3.890115324008911
Category	Term	Count	%	PValue	Genes	List Total	Pop Hits	Pop Total	Fold Enrichment	Bonferroni	Benjamini	FDR
UP_KEYWORDS	Transmembrane helix	102	23.12925170068027	1.1912621248117209E-4	410905, 410710, 412220, 412859, 726970, 552602, 411983, 726251, 102655243, 724907, 725008, 727254, 409924, 726814, 551241, 100576681, 725146, 412166, 413000, 551553, 551850, 412763, 552028, 406153, 551559, 102656585, 409666, 410788, 411729, 411976, 100577743, 552417, 727479, 411420, 100577192, 100576247, 411303, 552139, 409469, 725026, 725462, 410282, 413789, 724188, 552546, 100578046, 724583, 412074, 551678, 726260, 408453, 411846, 724919, 408456, 725245, 725480, 725483, 725688, 551806, 410092, 551409, 410229, 724951, 412810, 406127, 725305, 550659, 408646, 411863, 408828, 552313, 411935, 413997, 726860, 408985, 725031, 406116, 725924, 724378, 412808, 725922, 724552, 100577346, 552295, 551428, 410837, 408525, 406146, 100578467, 409650, 724546, 410626, 410621, 409942, 413065, 551765, 411699, 413370, 107964089, 551053, 100577725, 412694	337	1504	6970	1.4026690447629269	0.01583711623629569	0.002657107515524504	0.1393876666829441
UP_KEYWORDS	Membrane	104	23.582766439909296	1.1924933999857154E-4	410905, 410710, 412220, 412859, 726970, 552602, 411983, 724907, 726251, 102655243, 725008, 727254, 409924, 726814, 551241, 100576681, 725146, 412166, 413000, 551553, 551850, 412763, 552028, 406153, 551559, 102656585, 409666, 410788, 411729, 411976, 100577743, 552417, 727479, 411420, 100577192, 100576247, 411303, 552139, 409469, 725026, 725462, 410282, 413789, 724188, 552546, 100578046, 724583, 412074, 551678, 726260, 408453, 411846, 724919, 408456, 725245, 725480, 725483, 725688, 551806, 410092, 551409, 410229, 724951, 412810, 406127, 725305, 550659, 408646, 413186, 411863, 408828, 552313, 411935, 413997, 726860, 408985, 725031, 406116, 725924, 724378, 412808, 725922, 724552, 100577346, 552295, 551428, 410837, 408525, 406146, 100578467, 409650, 724546, 410626, 410621, 409942, 552064, 413065, 551765, 411699, 413370, 107964089, 551053, 100577725, 412694	337	1541	6970	1.3958333734501276	0.015853355827240456	0.0022803053450082267	0.13953164423898823
UP_KEYWORDS	Transmembrane	102	23.12925170068027	1.2909525443227947E-4	410905, 410710, 412220, 412859, 726970, 552602, 411983, 726251, 102655243, 724907, 725008, 727254, 409924, 726814, 551241, 100576681, 725146, 412166, 413000, 551553, 551850, 412763, 552028, 406153, 551559, 102656585, 409666, 410788, 411729, 411976, 100577743, 552417, 727479, 411420, 100577192, 100576247, 411303, 552139, 409469, 725026, 725462, 410282, 413789, 724188, 552546, 100578046, 724583, 412074, 551678, 726260, 408453, 411846, 724919, 408456, 725245, 725480, 725483, 725688, 551806, 410092, 551409, 410229, 724951, 412810, 406127, 725305, 550659, 408646, 411863, 408828, 552313, 411935, 413997, 726860, 408985, 725031, 406116, 725924, 724378, 412808, 725922, 724552, 100577346, 552295, 551428, 410837, 408525, 406146, 100578467, 409650, 724546, 410626, 410621, 409942, 413065, 551765, 411699, 413370, 107964089, 551053, 100577725, 412694	337	1507	6970	1.399876737440904	0.017151097062335863	0.002160148611635604	0.15104422125478134
GOTERM_CC_DIRECT	GO:0016021~integral component of membrane	102	23.12925170068027	1.5002550873488227E-4	410710, 412220, 412859, 726970, 552602, 411983, 726251, 102655243, 724907, 725008, 727254, 409924, 726814, 551241, 100576681, 725146, 412166, 413000, 551553, 551850, 412763, 552028, 406153, 551559, 102656585, 409666, 410788, 411729, 411976, 100577743, 552417, 727479, 411420, 100577192, 100576247, 411303, 552139, 409469, 725026, 725462, 410282, 413789, 724188, 552546, 100578046, 724583, 412074, 551678, 726260, 408453, 411846, 724919, 408456, 725245, 725480, 725483, 725688, 551806, 410092, 551409, 410229, 724951, 412810, 406127, 725305, 550659, 408646, 411863, 408828, 552313, 411935, 413997, 726860, 408985, 725031, 406116, 725924, 724378, 412808, 725922, 724552, 100577346, 552295, 551428, 410837, 408525, 406146, 100578467, 409650, 724546, 410626, 410621, 409942, 100576508, 413065, 551765, 411699, 413370, 107964089, 551053, 100577725, 412694	159	1493	3005	1.2911827522147379	0.005685174900347811	0.005685174900347811	0.13550154908068546

Annotation Cluster 3	Enrichment Score: 3.443666105420371
Category	Term	Count	%	PValue	Genes	List Total	Pop Hits	Pop Total	Fold Enrichment	Bonferroni	Benjamini	FDR
SMART	SM00020:Tryp_SPc	7	1.5873015873015872	6.960938020932019E-6	724208, 410624, 412763, 100576326, 726126, 550671, 725154	118	13	2754	12.567144719687093	7.932349190180599E-4	7.932349190180599E-4	0.007916136286423292
INTERPRO	IPR001254:Peptidase S1	7	1.5873015873015872	1.4020016740179334E-5	724208, 410624, 412763, 100576326, 726126, 550671, 725154	294	13	6176	11.31135531135531	0.00822384538282006	0.00822384538282006	0.020652077348681797
INTERPRO	IPR009003:Trypsin-like cysteine/serine peptidase domain	7	1.5873015873015872	3.7713555800161594E-5	724208, 410624, 412763, 100576326, 726126, 550671, 725154	294	15	6176	9.803174603174602	0.021968795728081636	0.011045398275573826	0.05554462577660457
INTERPRO	IPR001314:Peptidase S1A, chymotrypsin-type	6	1.3605442176870748	8.475287892760824E-5	724208, 410624, 100576326, 726126, 550671, 725154	294	11	6176	11.4582560296846	0.048695959293813984	0.01650283174065814	0.1247839628350178
INTERPRO	IPR018114:Peptidase S1, trypsin family, active site	5	1.1337868480725624	5.174326326107179E-4	724208, 100576326, 726126, 550671, 725154	294	9	6176	11.670445956160243	0.26276361315027097	0.07337995562457589	0.7595713602882692
GOTERM_MF_DIRECT	GO:0004252~serine-type endopeptidase activity	7	1.5873015873015872	6.54370093416308E-4	724208, 410624, 412763, 100576326, 726126, 550671, 725154	189	21	3455	6.09347442680776	0.09114462956668223	0.04666093627014434	0.7750072409397402
UP_KEYWORDS	Serine protease	4	0.9070294784580499	0.007505029188169986	724208, 726126, 550671, 725154	337	9	6970	9.192218925156611	0.6355867327754479	0.08068111497087249	8.442460256690087
SMART	SM00680:CLIP	3	0.6802721088435374	0.010151381074186824	724208, 550671, 725154	118	4	2754	17.504237288135595	0.6875064281945031	0.2523294543761757	10.955856559364996
INTERPRO	IPR022700:Proteinase, regulatory CLIP domain	3	0.6802721088435374	0.012629380186472161	724208, 550671, 725154	294	4	6176	15.755102040816325	0.9994391613609689	0.4936628281472468	17.07543756321931

Annotation Cluster 4	Enrichment Score: 2.9765644175697528
Category	Term	Count	%	PValue	Genes	List Total	Pop Hits	Pop Total	Fold Enrichment	Bonferroni	Benjamini	FDR
GOTERM_MF_DIRECT	GO:0005215~transporter activity	11	2.494331065759637	8.779675285555857E-5	724546, 107964020, 410626, 552447, 412220, 551806, 409924, 408361, 727007, 100576855, 409650	189	44	3455	4.57010582010582	0.012737076653142387	0.012737076653142387	0.10430364348752441
SMART	SM01100:SM01100	5	1.1337868480725624	3.305921753215066E-4	107964020, 552447, 408361, 727007, 100576855	118	9	2754	12.966101694915253	0.036992172486140396	0.018670377745652833	0.3753265207562806
INTERPRO	IPR001071:Cellular retinaldehyde binding/alpha-tocopherol transport	5	1.1337868480725624	8.30328118584349E-4	107964020, 552447, 408361, 727007, 100576855	294	10	6176	10.503401360544219	0.3869240278903898	0.07830821659691967	1.2162771041194231
SMART	SM00516:SEC14	5	1.1337868480725624	0.0029357956236472785	107964020, 552447, 408361, 727007, 100576855	118	15	2754	7.779661016949151	0.28478561481596665	0.10570923298060997	3.288401116287276
INTERPRO	IPR011074:CRAL/TRIO, N-terminal domain	5	1.1337868480725624	0.003403450606950481	107964020, 552447, 408361, 727007, 100576855	294	14	6176	7.502429543245871	0.8657499940403705	0.22198263706075172	4.898420658201763
INTERPRO	IPR001251:CRAL-TRIO domain	5	1.1337868480725624	0.005740470033921525	107964020, 552447, 408361, 727007, 100576855	294	16	6176	6.5646258503401365	0.9663209335266842	0.2875801616537734	8.131442418114055

Annotation Cluster 5	Enrichment Score: 2.6162169762342495
Category	Term	Count	%	PValue	Genes	List Total	Pop Hits	Pop Total	Fold Enrichment	Bonferroni	Benjamini	FDR
KEGG_PATHWAY	ame01212:Fatty acid metabolism	8	1.8140589569160999	6.856802027836315E-4	725258, 408291, 551837, 552417, 552286, 725146, 100577192, 412166	97	33	2017	5.040924711027803	0.055340729935502764	0.01879806294279862	0.7318325198568898
KEGG_PATHWAY	ame01040:Biosynthesis of unsaturated fatty acids	5	1.1337868480725624	0.0012296127529667872	725258, 552417, 725146, 100577192, 412166	97	11	2017	9.451733833177132	0.09707939751244188	0.025207025084592827	1.3089190114350613
KEGG_PATHWAY	ame00062:Fatty acid elongation	4	0.9070294784580499	0.01680579655988159	725258, 408291, 725146, 100577192	97	12	2017	6.9312714776632305	0.7550583248429088	0.1447007800145247	16.597924459819723

Annotation Cluster 6	Enrichment Score: 2.3011352486951187
Category	Term	Count	%	PValue	Genes	List Total	Pop Hits	Pop Total	Fold Enrichment	Bonferroni	Benjamini	FDR
UP_SEQ_FEATURE	glycosylation site:N-linked (GlcNAc...)	6	1.3605442176870748	0.0012000743708060865	406090, 406133, 406131, 406127, 406146, 406116	8	8	42	3.9375	0.021382395349366923	0.021382395349366923	0.881227947509966
INTERPRO	IPR017996:Major royal jelly	5	1.1337868480725624	0.0012563711126698368	406090, 406133, 406116, 406149, 727110	294	11	6176	9.548546691403835	0.523109242396733	0.1003784635422933	1.8349848964571591
UP_KEYWORDS	Glycoprotein	6	1.3605442176870748	0.0033733003206185236	406090, 406133, 406131, 406127, 406146, 406116	337	22	6970	5.640679794982466	0.36414604037758647	0.04426885687506765	3.879001949141758
INTERPRO	IPR011042:Six-bladed beta-propeller, TolB-like	5	1.1337868480725624	0.018447596252649922	406090, 406133, 406116, 406149, 727110	294	22	6176	4.774273345701918	0.9999827397863383	0.5186402815097773	23.989981825530016
GOTERM_CC_DIRECT	GO:0005576~extracellular region	9	2.0408163265306123	0.03326617445819846	413560, 552391, 406090, 406133, 410467, 406146, 406116, 408864, 100577725	159	72	3005	2.3624213836477987	0.7235206147452293	0.47418692936104123	26.34309213369448

Annotation Cluster 7	Enrichment Score: 1.673275625943046
Category	Term	Count	%	PValue	Genes	List Total	Pop Hits	Pop Total	Fold Enrichment	Bonferroni	Benjamini	FDR
UP_KEYWORDS	Iron	8	1.8140589569160999	0.005996401365716291	408453, 408452, 410828, 409469, 726318, 409485, 408622, 410492	337	46	6970	3.596955231583022	0.553330604208522	0.07064730349023196	6.799680230610894
UP_KEYWORDS	Heme	5	1.1337868480725624	0.01391550675640292	408453, 408452, 410828, 409469, 410492	337	20	6970	5.170623145400594	0.8470697745192801	0.12552072046295226	15.131842285198605
INTERPRO	IPR017972:Cytochrome P450, conserved site	4	0.9070294784580499	0.01689652813814055	408453, 408452, 409469, 410492	294	12	6176	7.002267573696145	0.9999562531920314	0.5379508429246538	22.201175978615183
INTERPRO	IPR002401:Cytochrome P450, E-class, group I	4	0.9070294784580499	0.021208203051743646	408453, 408452, 409469, 410492	294	13	6176	6.4636316064887485	0.9999967145183415	0.5457578398871334	27.0792224339357
INTERPRO	IPR001128:Cytochrome P450	4	0.9070294784580499	0.021208203051743646	408453, 408452, 409469, 410492	294	13	6176	6.4636316064887485	0.9999967145183415	0.5457578398871334	27.0792224339357
GOTERM_MF_DIRECT	GO:0004497~monooxygenase activity	4	0.9070294784580499	0.024229266013803073	408453, 408452, 409469, 410492	189	12	3455	6.093474426807759	0.9721530848241524	0.6968955140531998	25.28807893977084
COG_ONTOLOGY	Secondary metabolites biosynthesis, transport, and catabolism	5	1.1337868480725624	0.027942696575307367	408453, 408452, 409469, 551560, 410492	42	22	746	4.036796536796537	0.32750951053332134	0.32750951053332134	17.51176686755317
GOTERM_MF_DIRECT	GO:0016705~oxidoreductase activity, acting on paired donors, with incorporation or reduction of molecular oxygen	4	0.9070294784580499	0.04445777267682616	408453, 408452, 409469, 410492	189	15	3455	4.874779541446207	0.9986923753857924	0.8098392980997224	41.755623381347085
UP_KEYWORDS	Monooxygenase	4	0.9070294784580499	0.04568442365856634	408453, 408452, 409469, 410492	337	17	6970	4.8664688427299705	0.9981001047058727	0.24784751626803814	42.160050639535704

