Annotation Cluster 1	Enrichment Score: 2.7783940742946216
Category	Term	Count	%	PValue	Genes	List Total	Pop Hits	Pop Total	Fold Enrichment	Bonferroni	Benjamini	FDR
UP_KEYWORDS	Lipid biosynthesis	7	5.384615384615385	6.957970729697445E-6	409638, 411983, 551233, 724907, 724552, 552417, 413789	105	39	8471	14.48034188034188	4.2434763019083555E-4	4.2434763019083555E-4	0.006997327764446393
UP_KEYWORDS	Lipid metabolism	7	5.384615384615385	1.8634396057487674E-5	409638, 411983, 551233, 724907, 724552, 552417, 413789	105	46	8471	12.276811594202899	0.0011360629418134538	5.681928924882174E-4	0.018738808724005906
UP_KEYWORDS	Fatty acid biosynthesis	4	3.076923076923077	0.0026630230835116013	409638, 724552, 552417, 413789	105	23	8471	14.030641821946173	0.15012082738690558	0.026745999045300062	2.6461035090568408
UP_KEYWORDS	Fatty acid metabolism	4	3.076923076923077	0.0026630230835116013	409638, 724552, 552417, 413789	105	23	8471	14.030641821946173	0.15012082738690558	0.026745999045300062	2.6461035090568408
INTERPRO	IPR002076:GNS1/SUR4 membrane protein	3	2.307692307692308	0.012560518856750583	409638, 724552, 413789	91	14	7258	17.09105180533752	0.9356163122439192	0.4222297581200175	14.832037303393108
GOTERM_MF_DIRECT	GO:0102336~3-oxo-arachidoyl-CoA synthase activity	3	2.307692307692308	0.017249003680557772	409638, 724552, 413789	62	14	4152	14.350230414746544	0.641766600646857	0.641766600646857	15.949161261148026
GOTERM_MF_DIRECT	GO:0102337~3-oxo-cerotoyl-CoA synthase activity	3	2.307692307692308	0.017249003680557772	409638, 724552, 413789	62	14	4152	14.350230414746544	0.641766600646857	0.641766600646857	15.949161261148026
GOTERM_MF_DIRECT	GO:0102338~3-oxo-lignoceronyl-CoA synthase activity	3	2.307692307692308	0.017249003680557772	409638, 724552, 413789	62	14	4152	14.350230414746544	0.641766600646857	0.641766600646857	15.949161261148026

Annotation Cluster 2	Enrichment Score: 2.7168799305937497
Category	Term	Count	%	PValue	Genes	List Total	Pop Hits	Pop Total	Fold Enrichment	Bonferroni	Benjamini	FDR
INTERPRO	IPR001071:Cellular retinaldehyde binding/alpha-tocopherol transport	4	3.076923076923077	2.83135108971447E-4	552447, 409740, 408361, 727007	91	11	7258	29.002997002997006	0.05959911219464309	0.05959911219464309	0.3590222517583008
INTERPRO	IPR011074:CRAL/TRIO, N-terminal domain	4	3.076923076923077	7.5318524541527E-4	552447, 409740, 408361, 727007	91	15	7258	21.268864468864468	0.15083586161699936	0.07849897537604411	0.9524361938576864
SMART	SM00516:SEC14	4	3.076923076923077	8.285905224262181E-4	552447, 409740, 408361, 727007	37	17	3159	20.089030206677265	0.031811448182838986	0.031811448182838986	0.7509938742932598
INTERPRO	IPR001251:CRAL-TRIO domain	4	3.076923076923077	0.001314883266201221	552447, 409740, 408361, 727007	91	18	7258	17.724053724053725	0.24837475297554557	0.09078389488177185	1.6572802947724896
SMART	SM01100:SM01100	3	2.307692307692308	0.005365931978612481	552447, 408361, 727007	37	10	3159	25.613513513513517	0.1892818601696279	0.09960112181857306	4.775115225887616
GOTERM_MF_DIRECT	GO:0005215~transporter activity	4	3.076923076923077	0.0400822935409544	552447, 409740, 408361, 727007	62	52	4152	5.15136476426799	0.9105034782293722	0.7008403072427238	33.53517221559219

Annotation Cluster 3	Enrichment Score: 2.597389262495563
Category	Term	Count	%	PValue	Genes	List Total	Pop Hits	Pop Total	Fold Enrichment	Bonferroni	Benjamini	FDR
UP_KEYWORDS	Transmembrane helix	38	29.230769230769234	0.0013311826453747163	411564, 100576247, 410905, 724552, 410710, 100577346, 726441, 408329, 409715, 409638, 411983, 724907, 724951, 725026, 412810, 727254, 408525, 551898, 413789, 551241, 726798, 725146, 408646, 724583, 551850, 412667, 102655332, 406153, 411863, 102656585, 411846, 408453, 413370, 552417, 410272, 552518, 551053, 100577598	105	1890	8471	1.622060972537163	0.07804257826357908	0.02672189192209029	1.3307130517135835
UP_KEYWORDS	Transmembrane	38	29.230769230769234	0.0013722514880688363	411564, 100576247, 410905, 724552, 410710, 100577346, 726441, 408329, 409715, 409638, 411983, 724907, 724951, 725026, 412810, 727254, 408525, 551898, 413789, 551241, 726798, 725146, 408646, 724583, 551850, 412667, 102655332, 406153, 411863, 102656585, 411846, 408453, 413370, 552417, 410272, 552518, 551053, 100577598	105	1893	8471	1.6194903529293385	0.08035249319062376	0.02072346230458244	1.3715126036255687
UP_KEYWORDS	Membrane	38	29.230769230769234	0.0019224267713152938	411564, 100576247, 410905, 724552, 410710, 100577346, 726441, 408329, 409715, 409638, 411983, 724907, 724951, 725026, 412810, 727254, 408525, 551898, 413789, 551241, 726798, 725146, 408646, 724583, 551850, 412667, 102655332, 406153, 411863, 102656585, 411846, 408453, 413370, 552417, 410272, 552518, 551053, 100577598	105	1927	8471	1.590916055057207	0.11075358293380733	0.023202757775457106	1.916617233613549
GOTERM_CC_DIRECT	GO:0016021~integral component of membrane	38	29.230769230769234	0.011612394644205718	411564, 100576247, 724552, 410710, 100577346, 726441, 408329, 409715, 409638, 411983, 724907, 724951, 725026, 412810, 727254, 408525, 551898, 413789, 551241, 726798, 725146, 408646, 724583, 551850, 412667, 102655332, 406153, 411863, 100576508, 102656585, 411846, 408453, 413370, 552417, 410272, 552518, 551053, 100577598	55	1879	3583	1.3174706081571437	0.18009423490892063	0.18009423490892063	8.109423528825454

Annotation Cluster 4	Enrichment Score: 2.0125005699134895
Category	Term	Count	%	PValue	Genes	List Total	Pop Hits	Pop Total	Fold Enrichment	Bonferroni	Benjamini	FDR
INTERPRO	IPR016040:NAD(P)-binding domain	7	5.384615384615385	0.004093420850471777	413356, 411983, 551233, 725258, 725026, 725325, 411863	91	123	7258	4.539086929330832	0.5893833962274864	0.1995040727744598	5.076446664729184
UP_KEYWORDS	NADP	3	2.307692307692308	0.014124793629951237	411983, 551233, 725325	105	15	8471	16.135238095238094	0.5801070050820746	0.1165892875025788	13.330152075647083
UP_KEYWORDS	Oxidoreductase	6	4.615384615384616	0.015864623928586008	408453, 413356, 411983, 551233, 725325, 552417	105	120	8471	4.0338095238095235	0.6229964439744095	0.11479638093074751	14.856129695097465

