Annotation Cluster 1	Enrichment Score: 5.752974233678662
Category	Term	Count	%	PValue	Genes	List Total	Pop Hits	Pop Total	Fold Enrichment	Bonferroni	Benjamini	FDR
GOTERM_CC_DIRECT	GO:0016021~integral component of membrane	80	30.18867924528302	1.2965569804218425E-6	411564, 550886, 410710, 551280, 410567, 412859, 409203, 551643, 726441, 408302, 410092, 409638, 411983, 724907, 726251, 724951, 100576734, 412810, 727254, 410997, 726210, 406127, 551241, 725146, 412166, 411614, 102654715, 724235, 408742, 411863, 552313, 551599, 724831, 410788, 726860, 768250, 409452, 725031, 412209, 551167, 725578, 552417, 408478, 409932, 100577192, 410278, 725922, 724552, 100577346, 551165, 413816, 410837, 725026, 726423, 410282, 413789, 726798, 409650, 724583, 550998, 410626, 409905, 724580, 102655332, 413168, 726375, 100577202, 100576508, 551765, 412540, 100642173, 552377, 406086, 100577002, 552239, 409640, 724919, 551053, 408456, 726786	111	1493	3005	1.4506133729174586	2.7227343569635742E-5	2.7227343569635742E-5	0.0010011140903931626
UP_KEYWORDS	Transmembrane helix	79	29.81132075471698	1.3690701999683945E-6	411564, 550886, 410710, 551280, 410567, 412859, 409203, 551643, 726441, 408302, 410092, 409638, 411983, 724907, 726251, 724951, 100576734, 412810, 727254, 410997, 726210, 406127, 551241, 725146, 412166, 411614, 102654715, 413906, 724235, 408742, 411863, 552313, 551599, 724831, 410788, 726860, 768250, 409452, 725031, 412209, 551167, 725578, 552417, 408478, 409932, 100577192, 410278, 725922, 724552, 100577346, 551165, 413816, 410837, 725026, 726423, 410282, 413789, 726798, 409650, 724583, 410626, 409905, 724580, 102655332, 413168, 726375, 100577202, 551765, 412540, 100642173, 552377, 406086, 100577002, 552239, 409640, 724919, 551053, 408456, 726786	222	1504	6970	1.649145821353268	1.3826662514249133E-4	4.6090999395120846E-5	0.0015224147691172973
UP_KEYWORDS	Transmembrane	79	29.81132075471698	1.4865970765443812E-6	411564, 550886, 410710, 551280, 410567, 412859, 409203, 551643, 726441, 408302, 410092, 409638, 411983, 724907, 726251, 724951, 100576734, 412810, 727254, 410997, 726210, 406127, 551241, 725146, 412166, 411614, 102654715, 413906, 724235, 408742, 411863, 552313, 551599, 724831, 410788, 726860, 768250, 409452, 725031, 412209, 551167, 725578, 552417, 408478, 409932, 100577192, 410278, 725922, 724552, 100577346, 551165, 413816, 410837, 725026, 726423, 410282, 413789, 726798, 409650, 724583, 410626, 409905, 724580, 102655332, 413168, 726375, 100577202, 551765, 412540, 100642173, 552377, 406086, 100577002, 552239, 409640, 724919, 551053, 408456, 726786	222	1507	6970	1.6458628502424122	1.5013514492612234E-4	3.753589959432091E-5	0.0016531044201850698
UP_KEYWORDS	Membrane	79	29.81132075471698	3.6871640925651554E-6	411564, 550886, 410710, 551280, 410567, 412859, 409203, 551643, 726441, 408302, 410092, 409638, 411983, 724907, 726251, 724951, 100576734, 412810, 727254, 410997, 726210, 406127, 551241, 725146, 412166, 411614, 102654715, 413906, 724235, 408742, 411863, 552313, 551599, 724831, 410788, 726860, 768250, 409452, 725031, 412209, 551167, 725578, 552417, 408478, 409932, 100577192, 410278, 725922, 724552, 100577346, 551165, 413816, 410837, 725026, 726423, 410282, 413789, 726798, 409650, 724583, 410626, 409905, 724580, 102655332, 413168, 726375, 100577202, 551765, 412540, 100642173, 552377, 406086, 100577002, 552239, 409640, 724919, 551053, 408456, 726786	222	1541	6970	1.6095491987769728	3.723349260517095E-4	7.44780783524801E-5	0.004100101826631786

Annotation Cluster 2	Enrichment Score: 4.12270107037829
Category	Term	Count	%	PValue	Genes	List Total	Pop Hits	Pop Total	Fold Enrichment	Bonferroni	Benjamini	FDR
KEGG_PATHWAY	ame01212:Fatty acid metabolism	10	3.7735849056603774	3.385310026714667E-7	412815, 409712, 725258, 408291, 551837, 552417, 552286, 725146, 100577192, 412166	64	33	2017	9.550189393939393	2.0988705452529288E-5	2.0988705452529288E-5	3.416281236123808E-4
KEGG_PATHWAY	ame01040:Biosynthesis of unsaturated fatty acids	5	1.8867924528301887	2.422125647273968E-4	725258, 552417, 725146, 100577192, 412166	64	11	2017	14.325284090909092	0.014906775357614643	0.004993821863606307	0.24415992289315014
KEGG_PATHWAY	ame00062:Fatty acid elongation	4	1.509433962264151	0.005225185018737511	725258, 408291, 725146, 100577192	64	12	2017	10.505208333333334	0.27733593876761187	0.07799322067060444	5.149499407565294

Annotation Cluster 3	Enrichment Score: 4.056844610401632
Category	Term	Count	%	PValue	Genes	List Total	Pop Hits	Pop Total	Fold Enrichment	Bonferroni	Benjamini	FDR
UP_KEYWORDS	Lipid biosynthesis	10	3.7735849056603774	7.851078373763216E-8	409638, 411983, 551233, 724907, 724552, 725031, 550686, 552417, 413789, 412166	222	27	6970	11.628294961628294	7.92955803219364E-6	7.92955803219364E-6	8.730506096954471E-5
UP_KEYWORDS	Lipid metabolism	10	3.7735849056603774	5.471419994675792E-7	409638, 411983, 551233, 724907, 724552, 725031, 550686, 552417, 413789, 412166	222	33	6970	9.514059514059513	5.5259830185283576E-5	2.763029680930007E-5	6.084279134843662E-4
UP_KEYWORDS	Fatty acid biosynthesis	6	2.2641509433962264	3.2022183423349445E-5	409638, 724552, 725031, 552417, 413789, 412166	222	13	6970	14.490644490644492	0.003229067621452475	5.389034577725216E-4	0.03560334895517103
UP_KEYWORDS	Fatty acid metabolism	6	2.2641509433962264	3.2022183423349445E-5	409638, 724552, 725031, 552417, 413789, 412166	222	13	6970	14.490644490644492	0.003229067621452475	5.389034577725216E-4	0.03560334895517103
GOTERM_BP_DIRECT	GO:0006633~fatty acid biosynthetic process	6	2.2641509433962264	1.5108974973781944E-4	409638, 724552, 725031, 413789, 552286, 412166	83	16	2339	10.56777108433735	0.009923114637083175	0.009923114637083175	0.1543725135926599
INTERPRO	IPR002076:GNS1/SUR4 membrane protein	4	1.509433962264151	0.0015899922049197612	409638, 724552, 725031, 413789	198	8	6176	15.595959595959597	0.5220950993863007	0.16855146775376106	2.2418803078698812
GOTERM_MF_DIRECT	GO:0102336~3-oxo-arachidoyl-CoA synthase activity	4	1.509433962264151	0.0030757126151976307	409638, 724552, 725031, 413789	140	8	3455	12.339285714285714	0.31538294296923763	0.31538294296923763	3.489612126278563
GOTERM_MF_DIRECT	GO:0102337~3-oxo-cerotoyl-CoA synthase activity	4	1.509433962264151	0.0030757126151976307	409638, 724552, 725031, 413789	140	8	3455	12.339285714285714	0.31538294296923763	0.31538294296923763	3.489612126278563
GOTERM_MF_DIRECT	GO:0102338~3-oxo-lignoceronyl-CoA synthase activity	4	1.509433962264151	0.0030757126151976307	409638, 724552, 725031, 413789	140	8	3455	12.339285714285714	0.31538294296923763	0.31538294296923763	3.489612126278563

Annotation Cluster 4	Enrichment Score: 2.5912483927636725
Category	Term	Count	%	PValue	Genes	List Total	Pop Hits	Pop Total	Fold Enrichment	Bonferroni	Benjamini	FDR
INTERPRO	IPR005828:General substrate transporter	7	2.6415094339622645	4.4211430256007017E-4	412540, 410997, 551643, 408478, 551053, 408456, 408302	198	32	6176	6.823232323232323	0.1855045177838497	0.09750596555093494	0.6281295858696079
INTERPRO	IPR020846:Major facilitator superfamily domain	11	4.150943396226415	0.0010556542255205528	412540, 410278, 413906, 410997, 551643, 408478, 552239, 551053, 408456, 409650, 408302	198	98	6176	3.5011337868480723	0.38742401364052836	0.1507152562089008	1.4937339909167346
INTERPRO	IPR005829:Sugar transporter, conserved site	5	1.8867924528301887	0.005522598294284637	412540, 551643, 551053, 408456, 408302	198	23	6176	6.780851998243302	0.9234328815474111	0.2747206911098793	7.587684266329586
GOTERM_MF_DIRECT	GO:0022857~transmembrane transporter activity	4	1.509433962264151	0.01674197616814135	412540, 410997, 551053, 408302	140	14	3455	7.051020408163265	0.8746563336655961	0.6459609254130219	17.690172595858566

Annotation Cluster 5	Enrichment Score: 1.9497715284256225
Category	Term	Count	%	PValue	Genes	List Total	Pop Hits	Pop Total	Fold Enrichment	Bonferroni	Benjamini	FDR
INTERPRO	IPR001071:Cellular retinaldehyde binding/alpha-tocopherol transport	4	1.509433962264151	0.0032497004991028497	552447, 409740, 408361, 727007	198	10	6176	12.476767676767679	0.779159907094914	0.22253713656959262	4.532143807000589
SMART	SM00516:SEC14	4	1.509433962264151	0.0072371772400110276	552447, 409740, 408361, 727007	77	15	2754	9.537662337662338	0.44475338060971403	0.44475338060971403	7.4489139059571885
INTERPRO	IPR011074:CRAL/TRIO, N-terminal domain	4	1.509433962264151	0.008971559972269817	552447, 409740, 408361, 727007	198	14	6176	8.911976911976913	0.9847257930379018	0.3716268348469146	12.051009606575702
INTERPRO	IPR001251:CRAL-TRIO domain	4	1.509433962264151	0.01317060040716659	552447, 409740, 408361, 727007	198	16	6176	7.7979797979797985	0.9978702683375037	0.45945421058766656	17.214353296859464
SMART	SM01100:SM01100	3	1.1320754716981132	0.023864562923794568	552447, 408361, 727007	77	9	2754	11.922077922077921	0.8586432879599675	0.6240256497578159	22.69537229982024
GOTERM_MF_DIRECT	GO:0005215~transporter activity	6	2.2641509433962264	0.030180835672159963	410626, 552447, 409740, 408361, 727007, 409650	140	44	3455	3.36525974025974	0.9769344557824159	0.7153434146924686	29.767814732418497

